#--------------------------------------------------------------------------------------------------
# norm type
#--------------------------------------------------------------------------------------------------
  2nd_order
#--------------------------------------------------------------------------------------------------
#  id,   gen,      n,         l,        m,           omega,             gamma,           flin
#--------------------------------------------------------------------------------------------------
    0     0     -276.0       1.0       0.0      3.1032355158e-04      1.02447e-08      4.55441e-09
    1     1     -489.0       1.0       0.0      1.7554871902e-04      2.56209e-09      2.27761e-09
    2     1    -1102.0       2.0       0.0      1.3477491042e-04      1.30405e-08      5.13841e-09
    3     1     -633.0       1.0       0.0      1.3546285656e-04      4.30278e-09      2.95160e-09
    4     1     -850.0       2.0       0.0      1.7486086170e-04      7.74686e-09      3.96046e-09
    5     1     -520.0       1.0       0.0      1.6502704323e-04      2.89921e-09      2.42283e-09
    6     1    -1022.0       2.0       0.0      1.4529663590e-04      1.12202e-08      4.76631e-09
    7     1     -703.0       1.0       0.0      1.2206385775e-04      5.29926e-09      3.27560e-09
    8     1     -789.0       2.0       0.0      1.8825998771e-04      6.68336e-09      3.67858e-09
    9     1     -580.0       1.0       0.0      1.4792824710e-04      3.60817e-09      2.70288e-09
   10     1     -915.0       2.0       0.0      1.6239551345e-04      8.98179e-09      4.26446e-09
   11     1     -579.0       1.0       0.0      1.4815063883e-04      3.59735e-09      2.69882e-09
   12     1     -916.0       2.0       0.0      1.6217301540e-04      9.00645e-09      4.27031e-09
   13     1     -449.0       1.0       0.0      1.9105494850e-04      2.16308e-09      2.09276e-09
   14     1    -1246.0       2.0       0.0      1.1926849547e-04      1.66517e-08      5.80647e-09
   15     1     -842.0       1.0       0.0      1.0190809414e-04      7.60278e-09      3.92346e-09
   16     1     -713.0       2.0       0.0      2.0841535890e-04      5.45320e-09      3.32283e-09
   17     1     -726.0       1.0       0.0      1.1820674030e-04      5.65074e-09      3.38248e-09
   18     1     -773.0       2.0       0.0      1.9211662968e-04      6.41772e-09      3.60473e-09
   19     1     -560.0       1.0       0.0      1.5320325263e-04      3.36398e-09      2.60981e-09
   20     1     -945.0       2.0       0.0      1.5712021148e-04      9.59504e-09      4.40764e-09
   21     2    -1095.0       1.0       0.0      7.8338426663e-05      1.28659e-08      5.10391e-09
   22     2    -1528.0       2.0       0.0      9.7210398894e-05      2.50660e-08      7.12402e-09
   23     2    -1561.0       1.0       0.0      5.4936252723e-05      2.61620e-08      7.27811e-09
   24     2    -1232.0       2.0       0.0      1.2061241643e-04      1.62827e-08      5.74177e-09
   25     2    -1400.0       1.0       0.0      6.1273330248e-05      2.10304e-08      6.52538e-09
   26     2    -2021.0       2.0       0.0      7.3501577512e-05      4.38448e-08      9.42196e-09
   27     2    -1717.0       1.0       0.0      4.9941308275e-05      3.16570e-08      8.00604e-09
   28     2    -1751.0       2.0       0.0      8.4833494381e-05      3.29137e-08      8.16339e-09
   29     2    -1434.0       1.0       0.0      5.9822602399e-05      2.20627e-08      6.68363e-09
   30     2    -1964.0       2.0       0.0      7.5640284027e-05      4.14004e-08      9.15556e-09
   31     2    -1348.0       1.0       0.0      6.3610423512e-05      1.95134e-08      6.28563e-09
   32     2    -2067.0       2.0       0.0      7.1852564992e-05      4.58803e-08      9.63820e-09
   33     2     -834.0       1.0       0.0      1.0284234797e-04      7.46527e-09      3.88781e-09
   34     2    -2063.0       2.0       0.0      7.2018613111e-05      4.56690e-08      9.61597e-09
   35     2     -909.0       1.0       0.0      9.4305166590e-05      8.87807e-09      4.23977e-09
   36     2    -1844.0       2.0       0.0      8.0555763525e-05      3.65021e-08      8.59689e-09
   37     2     -840.0       1.0       0.0      1.0206818721e-04      7.57895e-09      3.91730e-09
   38     2    -2360.0       2.0       0.0      6.2958864745e-05      5.97582e-08      1.09997e-08
   39     2     -961.0       1.0       0.0      8.9285707024e-05      9.90435e-09      4.47812e-09
   40     2    -1961.0       2.0       0.0      7.5741398062e-05      4.12899e-08      9.14334e-09
   41     2     -955.0       1.0       0.0      8.9830429802e-05      9.78459e-09      4.45096e-09
   42     2    -2678.0       2.0       0.0      5.5466137560e-05      7.69937e-08      1.24856e-08
   43     2    -1479.0       1.0       0.0      5.7982180332e-05      2.34855e-08      6.89577e-09
   44     2    -1701.0       2.0       0.0      8.7314360380e-05      3.10699e-08      7.93145e-09
   45     2    -2322.0       1.0       0.0      3.6936066129e-05      5.78747e-08      1.08250e-08
   46     2    -1745.0       2.0       0.0      8.5127704489e-05      3.26866e-08      8.13518e-09
   47     2    -1027.0       1.0       0.0      8.3531351339e-05      1.13159e-08      4.78661e-09
   48     2    -3855.0       2.0       0.0      3.8532607923e-05      1.59534e-07      1.79725e-08
   49     2    -1395.0       1.0       0.0      6.1498055943e-05      2.08769e-08      6.50154e-09
   50     2    -1172.0       2.0       0.0      1.2676204550e-04      1.47412e-08      5.46322e-09
   51     2    -1163.0       1.0       0.0      7.3744611362e-05      1.45187e-08      5.42185e-09
   52     2    -1297.0       2.0       0.0      1.1451529490e-04      1.80628e-08      6.04748e-09
   53     2    -1142.0       1.0       0.0      7.5093016305e-05      1.40020e-08      5.32449e-09
   54     2    -2040.0       2.0       0.0      7.2835096594e-05      4.46508e-08      9.50818e-09
   55     2    -1182.0       1.0       0.0      7.2553570030e-05      1.49993e-08      5.51085e-09
   56     2    -1971.0       2.0       0.0      7.5374756196e-05      4.16926e-08      9.18781e-09
   57     2     -934.0       1.0       0.0      9.1835136667e-05      9.36207e-09      4.35380e-09
   58     2    -2105.0       2.0       0.0      7.0560459603e-05      4.75760e-08      9.81469e-09
   59     2     -853.0       1.0       0.0      1.0055350401e-04      7.80900e-09      3.97631e-09
   60     2    -2402.0       2.0       0.0      6.1841872648e-05      6.19364e-08      1.11984e-08
   61     2     -929.0       1.0       0.0      9.2277601372e-05      9.27251e-09      4.33292e-09
   62     2    -2659.0       2.0       0.0      5.5872962232e-05      7.58766e-08      1.23947e-08
   63     2     -928.0       1.0       0.0      9.2412284236e-05      9.24550e-09      4.32661e-09
   64     2    -2665.0       2.0       0.0      5.5738229592e-05      7.62438e-08      1.24247e-08
   65     2    -1323.0       1.0       0.0      6.4846147623e-05      1.87768e-08      6.16585e-09
   66     2    -1526.0       2.0       0.0      9.7327014360e-05      2.50060e-08      7.11549e-09
   67     2     -942.0       1.0       0.0      9.1085814685e-05      9.51674e-09      4.38962e-09
   68     2    -2090.0       2.0       0.0      7.1087173362e-05      4.68736e-08      9.74197e-09
   69     2     -836.0       1.0       0.0      1.0264560837e-04      7.49392e-09      3.89527e-09
   70     2    -1680.0       2.0       0.0      8.8409168401e-05      3.03051e-08      7.83323e-09
   71     2    -1301.0       1.0       0.0      6.5923490640e-05      1.81681e-08      6.06509e-09
   72     2    -1187.0       2.0       0.0      1.2513135364e-04      1.51279e-08      5.53442e-09
   73     2    -1566.0       1.0       0.0      5.4769841261e-05      2.63213e-08      7.30022e-09
   74     2    -2303.0       2.0       0.0      6.4498619231e-05      5.69390e-08      1.07371e-08
   75     2    -1412.0       1.0       0.0      6.0724582807e-05      2.14122e-08      6.58435e-09
   76     2    -2537.0       2.0       0.0      5.8543813974e-05      6.91113e-08      1.18292e-08
   77     2    -1799.0       1.0       0.0      4.7670137462e-05      3.47454e-08      8.38747e-09
   78     2    -2739.0       2.0       0.0      5.4237920215e-05      8.05202e-08      1.27684e-08
   79     2    -1777.0       1.0       0.0      4.8270761472e-05      3.38861e-08      8.28311e-09
   80     2    -2770.0       2.0       0.0      5.3637373044e-05      8.23334e-08      1.29113e-08
   81     2     -680.0       1.0       0.0      1.2615932533e-04      4.96079e-09      3.16926e-09
   82     2    -1806.0       2.0       0.0      8.2255901316e-05      3.50088e-08      8.41920e-09
   83     2     -963.0       1.0       0.0      8.9099355518e-05      9.94582e-09      4.48748e-09
   84     2    -1245.0       2.0       0.0      1.1931581960e-04      1.66385e-08      5.80417e-09
   85     2    -1098.0       1.0       0.0      7.8117486123e-05      1.29388e-08      5.11834e-09
   86     2    -3706.0       2.0       0.0      4.0089316033e-05      1.47385e-07      1.72747e-08
   87     2    -1408.0       1.0       0.0      6.0912280384e-05      2.12804e-08      6.56406e-09
   88     2    -2593.0       2.0       0.0      5.7294395900e-05      7.21584e-08      1.20872e-08
   89     2     -844.0       1.0       0.0      1.0157145635e-04      7.65326e-09      3.93646e-09
   90     2    -1641.0       2.0       0.0      9.0545138150e-05      2.88922e-08      7.64844e-09
   91     2    -1134.0       1.0       0.0      7.5649672113e-05      1.37967e-08      5.28531e-09
   92     2    -1276.0       2.0       0.0      1.1646679804e-04      1.74625e-08      5.94615e-09
   93     2    -1436.0       1.0       0.0      5.9728614450e-05      2.21322e-08      6.69414e-09
   94     2    -1589.0       2.0       0.0      9.3474673337e-05      2.71096e-08      7.40874e-09
   95     2     -904.0       1.0       0.0      9.4842123692e-05      8.77783e-09      4.21576e-09
   96     2    -2545.0       2.0       0.0      5.8361230953e-05      6.95444e-08      1.18663e-08
   97     2     -946.0       1.0       0.0      9.0684336028e-05      9.60119e-09      4.40905e-09
   98     2    -2236.0       2.0       0.0      6.6435726847e-05      5.36670e-08      1.04240e-08
   99     2     -946.0       1.0       0.0      9.0626986223e-05      9.61335e-09      4.41184e-09
  100     2    -2234.0       2.0       0.0      6.6493124646e-05      5.35744e-08      1.04150e-08
#--------------------------------------------------------------------------------------------------
#  id1,   id2,   id3,        kappa
#--------------------------------------------------------------------------------------------------
    0      1      2        5.73929e+03
    0      3      4        5.73929e+03
    0      5      6        5.73929e+03
    0      7      8        5.73929e+03
    0      9     10        5.73929e+03
    0     11     12        5.73929e+03
    0     13     14        5.73929e+03
    0     15     16        5.73929e+03
    0     17     18        5.73929e+03
    0     19     20        5.73929e+03
    1     21     22        1.79346e+04
    1     23     24        1.79346e+04
    2     25     26        3.04277e+04
    2     27     28        3.04277e+04
    3     29     30        3.01195e+04
    3     31     32        3.01195e+04
    4     33     34        1.80760e+04
    4     35     36        1.80760e+04
    5     37     38        2.02945e+04
    5     39     40        2.02945e+04
    6     41     42        2.61804e+04
    6     43     44        2.61804e+04
    7     45     46        3.70948e+04
    7     47     48        3.70948e+04
    8     49     50        1.55945e+04
    8     51     52        1.55945e+04
    9     53     54        2.52572e+04
    9     55     56        2.52572e+04
   10     57     58        2.09575e+04
   10     59     60        2.09575e+04
   11     61     62        2.51814e+04
   11     63     64        2.51814e+04
   12     65     66        2.10151e+04
   12     67     68        2.10151e+04
   13     69     70        1.51416e+04
   13     71     72        1.51416e+04
   14     73     74        3.88540e+04
   14     75     76        3.88540e+04
   15     77     78        5.32195e+04
   15     79     80        5.32195e+04
   16     81     82        1.27241e+04
   16     83     84        1.27241e+04
   17     85     86        3.95552e+04
   17     87     88        3.95552e+04
   18     89     90        1.49747e+04
   18     91     92        1.49747e+04
   19     93     94        2.35479e+04
   19     95     96        2.35479e+04
   20     97     98        2.23884e+04
   20     99    100        2.23884e+04
#--------------------------------------------------------------------------------------------------
